year,month,value,meta
2023,1,575784,0
2023,2,659990,0
2023,3,1062576,0
2023,4,692112,0
2023,5,1526280,0
2023,6,1971900,0
2023,7,1461564,0
2023,8,1295168,0
2023,9,1452104,0
2023,10,1252560,0
2023,11,1339602,0
2023,12,610356,0
2024,1,800040,775057
2024,2,1262670,1302603
2024,3,1487220,1392301
2024,4,3116454,1487621
2024,5,210849,1644145
2024,6,1915494,1759873
2024,7,1143345,1559372
2024,8,532563,1427024
2024,9,473928,1068388
2024,10,663921,1065109
2024,11,563635,896385
2024,12,248400,901889
2025,1,0,912749
2025,2,0,856312
2025,3,0,1177753
2025,4,0,1289433
2025,5,0,1402086
2025,6,0,1460883
2025,7,0,1502621
2025,8,0,1287373
2025,9,0,1031982
2025,10,0,1002716
2025,11,0,890300
2025,12,0,966088