id ,year,month,value,meta
,2023,Enero,575784,
,2023,Febrero,659990,
,2023,Marzo,1062576,
,2023,Abril,692112,
,2023,Mayo,1526280,
,2023,Junio,1971900,
,2023,Julio,1461564,
,2023,Agosto,1295168,
,2023,Septiembre,1452104,
,2023,Octubre,1252560,
,2023,Noviembre,1339602,
,2023,Diciembre,610356,
,2024,Enero,800040,775057
,2024,Febrero,1262670,1302603
,2024,Marzo,1487220,1392301
,2024,Abril,3116454,1487621
,2024,Mayo,210849,1644145
,2024,Junio,1915494,1759873
,2024,Julio,1143345,1559372
,2024,Agosto,532563,1427024
,2024,Septiembre,473928,1068388
,2024,Octubre,663921,1065109
,2024,Noviembre,563635,896385
,2024,Diciembre,248400,901889
,2025,Enero,0,912749
,2025,Febrero,0,856312
,2025,Marzo,0,1177753
,2025,Abril,0,1289433
,2025,Mayo,0,1402086
,2025,Junio,0,1460883
,2025,Julio,0,1502621
,2025,Agosto,0,1287373
,2025,Septiembre,0,1031982
,2025,Octubre,0,1002716
,2025,Noviembre,0,890300
,2025,Diciembre,0,966088